"N" <- 10
"y" <- structure(c(0, 1, 0, 1, 0, 0, 0, 0, 0, 1), .Dim=c(10))
